0 0.793025 0.093557 0.042456 0.034667
0 0.921080 0.082630 0.039671 0.023256
0 0.922582 0.118042 0.045080 0.020085
0 0.921737 0.148155 0.041561 0.023110
0 0.923571 0.181745 0.045228 0.023647
0 0.922654 0.213454 0.040950 0.025797
0 0.925863 0.302454 0.045534 0.026872
0 0.922959 0.362863 0.041561 0.023647
0 0.921584 0.423808 0.039422 0.027947
0 0.922807 0.488946 0.038811 0.026872
0 0.924182 0.550752 0.042172 0.023647
0 0.923571 0.672966 0.038505 0.025797
0 0.928307 0.823825 0.042478 0.030634
0 0.972313 0.151380 0.036366 0.023110
0 0.973994 0.181208 0.037283 0.024722
0 0.972924 0.212648 0.036366 0.025260
0 0.973535 0.242476 0.037588 0.023647
0 0.974147 0.273701 0.040033 0.022035
0 0.974758 0.304873 0.036977 0.024185
0 0.975369 0.392959 0.036366 0.023647
0 0.975675 0.424400 0.038811 0.022035
0 0.977661 0.735040 0.036671 0.025260
0 0.978731 0.827695 0.039422 0.029559
0 0.841518 0.829737 0.038199 0.022035
0 0.798124 0.826513 0.038811 0.020960
0 0.794304 0.763363 0.038505 0.025797
0 0.795068 0.705857 0.038199 0.026872
0 0.835712 0.703439 0.035755 0.027409
0 0.826391 0.583536 0.048895 0.025797
0 0.795984 0.556717 0.040033 0.018810
0 0.836476 0.525546 0.037283 0.031709
0 0.836934 0.490344 0.035755 0.025797
0 0.799652 0.491150 0.033921 0.028484
0 0.838768 0.426711 0.044311 0.032246
0 0.794762 0.425367 0.034532 0.034934
0 0.837393 0.395002 0.039116 0.024722
0 0.795679 0.366786 0.039422 0.022035
0 0.794915 0.305733 0.041561 0.022035
0 0.834642 0.275099 0.034838 0.029559
0 0.795832 0.274024 0.039116 0.024185
0 0.834489 0.243658 0.033310 0.025797
0 0.793692 0.245808 0.042783 0.025797
0 0.794456 0.215174 0.036977 0.021498
0 0.794304 0.185615 0.039727 0.023647
0 0.834489 0.184540 0.033310 0.022573
0 0.832809 0.153906 0.034838 0.023647
0 0.834795 0.123863 0.031476 0.019885
0 0.836323 0.092691 0.028420 0.024185
0 0.795068 0.126819 0.040033 0.022573
0 0.666787 0.088536 0.047001 0.031214
0 0.709187 0.088247 0.029910 0.023699
0 0.710994 0.122929 0.044043 0.023699
0 0.666130 0.125530 0.039770 0.025433
0 0.666459 0.160790 0.041742 0.024277
0 0.708858 0.159345 0.033854 0.021387
0 0.667609 0.191426 0.036812 0.020809
0 0.710666 0.188247 0.027609 0.019075
0 0.667938 0.220328 0.036812 0.017341
0 0.707708 0.215993 0.029581 0.019075
0 0.668595 0.248420 0.040756 0.021965
0 0.706228 0.244952 0.028595 0.021965
0 0.707872 0.274143 0.032539 0.019075
0 0.668266 0.306802 0.038127 0.027746
0 0.720362 0.308536 0.039113 0.023121
0 0.666130 0.342351 0.043057 0.016763
0 0.709022 0.336859 0.029581 0.023121
0 0.706886 0.368940 0.029252 0.020231
0 0.671717 0.370385 0.036483 0.016185
0 0.669910 0.396975 0.036812 0.023121
0 0.667938 0.433680 0.038784 0.019075
0 0.709844 0.431368 0.032539 0.022543
0 0.672539 0.498593 0.034840 0.017341
0 0.711652 0.494547 0.035497 0.019653
0 0.712802 0.526628 0.037141 0.017919
0 0.675661 0.528940 0.034511 0.016763
0 0.673032 0.557263 0.031882 0.013295
0 0.675333 0.587610 0.037798 0.013873
0 0.714610 0.585587 0.033525 0.027168
0 0.670403 0.613044 0.033854 0.019653
0 0.710830 0.617957 0.035168 0.024855
0 0.669745 0.645703 0.037798 0.022543
0 0.710501 0.646281 0.035168 0.020231
0 0.668595 0.679229 0.038127 0.022543
0 0.713295 0.705587 0.041413 0.027168
0 0.710830 0.737090 0.043057 0.020809
0 0.710666 0.767725 0.040099 0.020809
0 0.674511 0.795760 0.039441 0.017919
0 0.672046 0.829286 0.032539 0.014451
0 0.710666 0.823506 0.032868 0.017919
0 0.584947 0.827725 0.037798 0.025433
0 0.585768 0.796222 0.035497 0.026012
0 0.545834 0.797957 0.037798 0.022543
0 0.546984 0.767610 0.034182 0.023121
0 0.589877 0.767032 0.038455 0.021965
0 0.587247 0.737841 0.033196 0.022543
0 0.583961 0.705760 0.034511 0.024277
0 0.582975 0.674778 0.036483 0.031214
0 0.582482 0.645876 0.039441 0.021965
0 0.583796 0.616974 0.036812 0.026590
0 0.545012 0.615529 0.035497 0.027168
0 0.542712 0.585472 0.038784 0.022543
0 0.544355 0.556859 0.037469 0.021965
0 0.583796 0.553969 0.031553 0.024277
0 0.583303 0.526801 0.030567 0.024277
0 0.583796 0.497610 0.034182 0.026012
0 0.544191 0.496454 0.033854 0.021387
0 0.544519 0.529691 0.041085 0.023121
0 0.584782 0.431252 0.034840 0.030636
0 0.544684 0.429807 0.037469 0.028902
0 0.544519 0.397726 0.037141 0.027168
0 0.586261 0.398015 0.033854 0.024277
0 0.584618 0.368536 0.033196 0.025433
0 0.543698 0.368536 0.040756 0.021965
0 0.583303 0.307726 0.035168 0.023121
0 0.544191 0.309461 0.035826 0.027746
0 0.581824 0.279981 0.035497 0.024277
0 0.542876 0.280270 0.038455 0.027168
0 0.541561 0.249634 0.039770 0.023699
0 0.584454 0.251368 0.036812 0.021387
0 0.578537 0.217264 0.038784 0.027168
0 0.581002 0.187206 0.036483 0.027168
0 0.538439 0.190097 0.040756 0.023699
0 0.544848 0.154316 0.035826 0.023121
0 0.582975 0.070039 0.033196 0.020809
0 0.541068 0.058478 0.040756 0.025433
0 0.541561 0.110790 0.034511 0.024855
0 0.417041 0.102371 0.041332 0.029076
0 0.458520 0.102112 0.032180 0.028557
0 0.454535 0.133264 0.030113 0.020249
0 0.455716 0.161042 0.034837 0.020768
0 0.419993 0.162081 0.031885 0.024922
0 0.418960 0.191416 0.030999 0.022326
0 0.453797 0.192974 0.025685 0.023364
0 0.419107 0.221790 0.037789 0.024922
0 0.456749 0.224386 0.030409 0.021807
0 0.419993 0.253981 0.037789 0.020768
0 0.457487 0.252942 0.031294 0.021807
0 0.417631 0.282537 0.037199 0.019730
0 0.457192 0.280980 0.031885 0.020768
0 0.458225 0.311561 0.033951 0.023364
0 0.417779 0.312859 0.036313 0.025960
0 0.417631 0.343077 0.039561 0.024922
0 0.457782 0.339183 0.035427 0.019211
0 0.460439 0.374230 0.037199 0.022845
0 0.416450 0.372153 0.037789 0.022845
0 0.456306 0.402994 0.034247 0.020768
0 0.416155 0.435444 0.041923 0.029595
0 0.459554 0.434666 0.034247 0.026999
0 0.459701 0.467895 0.033951 0.028037
0 0.422650 0.471270 0.036608 0.018172
0 0.418960 0.504240 0.033361 0.023884
0 0.456897 0.507095 0.032475 0.020249
0 0.417483 0.575371 0.042218 0.026999
0 0.457782 0.572516 0.030113 0.024403
0 0.419993 0.605226 0.035427 0.021288
0 0.459554 0.603149 0.033066 0.018172
0 0.420583 0.637417 0.035427 0.022326
0 0.460144 0.634302 0.036018 0.025441
0 0.419698 0.665195 0.037199 0.019730
0 0.456749 0.664416 0.029818 0.023364
0 0.419698 0.696088 0.040151 0.023364
0 0.462506 0.695828 0.037789 0.025960
0 0.421321 0.780667 0.036904 0.029076
0 0.460439 0.780148 0.034837 0.030114
0 0.462063 0.813377 0.038675 0.026999
0 0.422945 0.875890 0.038970 0.028037
0 0.422355 0.933522 0.037789 0.024922
0 0.421617 0.965713 0.036904 0.022845
0 0.286402 0.048114 0.038085 0.029595
0 0.329062 0.055123 0.030704 0.028037
0 0.328767 0.111198 0.033066 0.028037
0 0.328324 0.160783 0.033361 0.028557
0 0.288764 0.201541 0.038675 0.026999
0 0.329505 0.196868 0.035132 0.026999
0 0.328915 0.230668 0.032770 0.022326
0 0.329948 0.260004 0.033066 0.022845
0 0.291863 0.258705 0.035427 0.032710
0 0.292454 0.293233 0.037199 0.022845
0 0.332900 0.289339 0.034837 0.024403
0 0.285073 0.354188 0.037199 0.024922
0 0.330391 0.350813 0.034542 0.025441
0 0.290387 0.382745 0.041332 0.020768
0 0.331129 0.382485 0.033656 0.021288
0 0.291421 0.412080 0.033361 0.019211
0 0.330981 0.412340 0.033951 0.018692
0 0.292011 0.443440 0.036904 0.029595
0 0.330686 0.442921 0.034542 0.028557
0 0.292306 0.476410 0.037494 0.026999
0 0.331867 0.476150 0.036313 0.026480
0 0.289945 0.507043 0.038085 0.028037
0 0.328177 0.510418 0.030113 0.027518
0 0.290535 0.575423 0.041037 0.026480
0 0.331719 0.574385 0.032475 0.026480
0 0.331277 0.606576 0.035723 0.024403
0 0.293930 0.637209 0.038380 0.020249
0 0.333638 0.636950 0.034542 0.020768
0 0.332753 0.667531 0.033361 0.024403
0 0.336443 0.699982 0.038380 0.028037
0 0.295111 0.694790 0.036018 0.025960
0 0.295849 0.727240 0.038675 0.024403
0 0.293487 0.786638 0.036313 0.027518
0 0.289797 0.816492 0.034247 0.021807
0 0.335262 0.846606 0.034247 0.025960
0 0.294078 0.876669 0.039265 0.026480
0 0.294816 0.908341 0.040151 0.026480
0 0.337624 0.938455 0.034837 0.028557
0 0.294963 0.967790 0.035723 0.029076
0 0.334524 0.968050 0.036313 0.027518
0 0.206277 0.966140 0.037283 0.030634
0 0.207652 0.935506 0.039422 0.022035
0 0.207652 0.906752 0.034532 0.019348
0 0.209027 0.879074 0.029948 0.018810
0 0.210555 0.818075 0.039116 0.029022
0 0.204443 0.783947 0.044006 0.027409
0 0.207194 0.724023 0.038505 0.036546
0 0.207194 0.666248 0.041561 0.030634
0 0.166091 0.698494 0.033310 0.028484
0 0.168383 0.851934 0.040950 0.025797
0 0.167619 0.884180 0.034532 0.023647
0 0.165633 0.912396 0.034227 0.017736
0 0.165938 0.639591 0.037894 0.032784
0 0.167772 0.610032 0.031782 0.025260
0 0.203068 0.575904 0.033310 0.021498
0 0.203985 0.513883 0.032088 0.023647
0 0.203985 0.480562 0.032699 0.031172
0 0.165022 0.447509 0.042172 0.025260
0 0.203374 0.412307 0.032088 0.019348
0 0.206124 0.381136 0.032699 0.024722
0 0.166855 0.382694 0.035449 0.025260
0 0.164258 0.326800 0.033921 0.025260
0 0.201387 0.294285 0.037894 0.030097
0 0.165633 0.294285 0.029337 0.025797
0 0.204902 0.267144 0.037588 0.020960
0 0.203221 0.237048 0.030560 0.027409
0 0.165938 0.235167 0.033004 0.027947
0 0.166091 0.201093 0.030865 0.021498
0 0.207194 0.202437 0.034838 0.020960
0 0.202610 0.169115 0.033004 0.023110
0 0.162577 0.169115 0.036671 0.019885
0 0.158146 0.139556 0.043089 0.027409
0 0.159826 0.105429 0.037283 0.024722
0 0.159521 0.072376 0.038505 0.025260
0 0.206430 0.103816 0.035143 0.024722
0 0.065703 0.108653 0.034227 0.021498
0 0.071509 0.138481 0.038505 0.023110
0 0.074718 0.172877 0.027198 0.024185
0 0.078996 0.232533 0.032088 0.029559
0 0.078080 0.327177 0.038811 0.030097
0 0.034685 0.326370 0.039422 0.028484
0 0.070134 0.385220 0.048590 0.021498
0 0.069829 0.421766 0.038811 0.023647
0 0.081136 0.482174 0.033921 0.021498
0 0.036824 0.482443 0.048590 0.029559
0 0.037283 0.582085 0.038505 0.017736
0 0.075024 0.578591 0.030254 0.022573
0 0.082205 0.668935 0.026892 0.131673
0 0.053174 0.661142 0.022614 0.119312
0 0.025823 0.686402 0.026587 0.167681
0 0.076552 0.762718 0.043089 0.036546
0 0.083122 0.852148 0.036060 0.029022
0 0.077927 0.885470 0.045228 0.029022
0 0.041714 0.913148 0.036977 0.025260
0 0.040950 0.943406 0.040950 0.026872
0 0.080431 0.940549 0.029829 0.021158
0 0.079642 0.973855 0.031857 0.015856