0 0.921337 0.243495 0.038152 0.031718
0 0.975444 0.124185 0.033990 0.030499
0 0.921511 0.277958 0.037112 0.022569
0 0.977178 0.334686 0.034684 0.023789
0 0.976658 0.365184 0.034337 0.027449
0 0.921164 0.334381 0.042661 0.029279
0 0.921511 0.394158 0.038499 0.029279
0 0.979086 0.492851 0.037112 0.023179
0 0.978139 0.521555 0.037796 0.023398
0 0.977685 0.552929 0.033866 0.024461
0 0.979348 0.582974 0.035377 0.023930
0 0.980860 0.615412 0.034773 0.023930
0 0.979046 0.644659 0.032958 0.018612
0 0.980709 0.675502 0.030237 0.024993
0 0.981314 0.706610 0.036889 0.020207
0 0.981162 0.767285 0.030539 0.020739
0 0.980406 0.797862 0.035680 0.017017
0 0.926887 0.798128 0.038099 0.020739
0 0.925073 0.764892 0.033866 0.023398
0 0.924770 0.734050 0.034470 0.022334
0 0.924468 0.704271 0.038099 0.022334
0 0.922654 0.642319 0.038703 0.029247
0 0.923258 0.610679 0.035680 0.026588
0 0.923258 0.580687 0.037494 0.024461
0 0.922805 0.520225 0.036587 0.030311
0 0.836327 0.794724 0.035377 0.024993
0 0.836780 0.765743 0.036284 0.027652
0 0.836327 0.735166 0.035377 0.024993
0 0.795809 0.793661 0.039006 0.026057
0 0.795356 0.732561 0.038099 0.027652
0 0.796565 0.672737 0.039308 0.028184
0 0.838595 0.673800 0.036284 0.029247
0 0.837839 0.642107 0.038401 0.027120
0 0.836176 0.612062 0.038099 0.024461
0 0.796414 0.613923 0.034773 0.026057
0 0.796867 0.645829 0.033866 0.024993
0 0.836327 0.555428 0.035377 0.024993
0 0.796263 0.522459 0.037494 0.026057
0 0.794751 0.395047 0.041727 0.028184
0 0.836327 0.366597 0.035982 0.020207
0 0.836478 0.307305 0.037494 0.024993
0 0.835571 0.215947 0.038099 0.023930
0 0.792785 0.155591 0.037796 0.023398
0 0.668753 0.275292 0.036587 0.026057
0 0.710329 0.398344 0.035680 0.027120
0 0.711236 0.557396 0.036284 0.028716
0 0.711992 0.677363 0.035377 0.025525
0 0.671021 0.737719 0.036889 0.027120
0 0.672230 0.765903 0.039913 0.019675
0 0.715167 0.797277 0.037494 0.020739
0 0.584754 0.126610 0.037192 0.029247
0 0.584150 0.159314 0.036587 0.021271
0 0.541667 0.220467 0.038099 0.025525
0 0.585510 0.588770 0.035680 0.019144
0 0.547563 0.646467 0.035982 0.027120
0 0.546051 0.678799 0.035982 0.021803
0 0.544539 0.708046 0.035377 0.022866
0 0.545144 0.738623 0.034168 0.022334
0 0.546656 0.825939 0.039611 0.023398
0 0.416032 0.131130 0.037192 0.020207
0 0.417846 0.402332 0.035982 0.022334
0 0.420567 0.724106 0.036587 0.024993
0 0.463806 0.723840 0.035377 0.018080
0 0.462446 0.753619 0.035075 0.021271
0 0.421474 0.755480 0.037192 0.022866
0 0.421928 0.812911 0.039913 0.026057
0 0.420718 0.844551 0.042332 0.024461
0 0.464109 0.843754 0.032958 0.019675
0 0.464411 0.872735 0.036587 0.021271
0 0.421172 0.902142 0.037192 0.023930
0 0.288764 0.098160 0.033261 0.028716
0 0.289520 0.151603 0.038401 0.032438
0 0.291485 0.231953 0.040518 0.031906
0 0.292695 0.605202 0.036889 0.027120
0 0.293904 0.666621 0.035680 0.022334
0 0.336387 0.727456 0.035377 0.023398
0 0.336992 0.757235 0.035377 0.022334
0 0.295718 0.756703 0.040518 0.021271
0 0.336992 0.786748 0.038401 0.022866
0 0.338050 0.815463 0.037494 0.022866
0 0.295114 0.846944 0.036284 0.023930
0 0.335329 0.874862 0.036284 0.023398
0 0.339865 0.906768 0.039308 0.025525
0 0.294509 0.935218 0.039308 0.022866
0 0.208696 0.073965 0.033866 0.026057
0 0.208696 0.140968 0.035075 0.031374
0 0.165004 0.264923 0.035377 0.029779
0 0.206428 0.323949 0.035377 0.025525
0 0.208243 0.353197 0.037796 0.022334
0 0.166213 0.352931 0.035377 0.024993
0 0.208545 0.447798 0.035982 0.027120
0 0.166667 0.418285 0.038099 0.028716
0 0.164701 0.479970 0.035982 0.027652
0 0.166667 0.511877 0.034470 0.022334
0 0.165760 0.577337 0.038703 0.024993
0 0.210662 0.606585 0.035377 0.021803
0 0.210057 0.636895 0.039006 0.021803
0 0.168027 0.667738 0.035982 0.022866
0 0.207940 0.698049 0.038401 0.020739
0 0.168481 0.730806 0.033261 0.019675
0 0.167574 0.761648 0.036284 0.018612
0 0.164550 0.788237 0.033866 0.019675
0 0.164701 0.819080 0.041425 0.027120
0 0.210662 0.756863 0.032958 0.020739
0 0.211569 0.850188 0.034168 0.021271
0 0.168481 0.937504 0.039913 0.022334
0 0.170597 0.969145 0.036284 0.020739
0 0.076711 0.077687 0.030539 0.022866
0 0.080491 0.205843 0.035680 0.024993
0 0.082003 0.266944 0.033866 0.015953
0 0.079282 0.296989 0.034470 0.017548
0 0.080793 0.356281 0.035680 0.019144
0 0.039822 0.361333 0.040820 0.023930
0 0.036496 0.392228 0.033563 0.019144
0 0.036043 0.419880 0.029028 0.019144
0 0.042997 0.452850 0.032656 0.021271
0 0.082759 0.448330 0.035377 0.020739
0 0.037403 0.794033 0.035377 0.023398
0 0.085178 0.789779 0.034168 0.022334
0 0.085027 0.823812 0.035680 0.020207
0 0.042241 0.824876 0.038401 0.020207
0 0.040276 0.852794 0.038099 0.018612
0 0.039369 0.880712 0.032656 0.024461
0 0.083515 0.914479 0.033866 0.019675
0 0.041334 0.970474 0.036587 0.018080